z <- 10
y <- 5
