z <- 10
y <- 5

(z + y)
